# Type of the matrix (0: Interaction, 1: Control)
1
# Dimension
19 8
# Matrix
 0.0000   0.0000   0.0000   0.0000   0.0000   0.0000   0.0000   0.0000 
 0.0000   0.0000   0.0000   0.0000   0.0000   0.0000   0.0000   0.0000 
 0.0000   0.0000   0.0000   0.0000   0.0000   0.0000   0.0000   0.0000 
 0.4292  -0.4292  -0.4292  -0.4292   0.4292   0.4292  -0.4292   0.4292
 0.4292   0.4292   0.4292  -0.4292  -0.4292   0.4292  -0.4292  -0.4292
-0.0000  -0.7831  -0.0000   0.7831   0.0000   0.7831   0.0000  -0.7831
-0.7831   0.0000   0.7831  -0.0000   0.7831  -0.0000  -0.7831   0.0000
 0.0000   0.0000   0.0000   0.0000   0.0000   0.0000   0.0000   0.0000 
 0.0000   0.0000   0.0000   0.0000   0.0000   0.0000   0.0000   0.0000 
 0.0000   0.0000   0.0000   0.0000   0.0000   0.0000   0.0000   0.0000 
 0.0000   0.0000   0.0000   0.0000   0.0000   0.0000   0.0000   0.0000 
 0.0000   0.0000   0.0000   0.0000   0.0000   0.0000   0.0000   0.0000 
 0.0000   0.0000   0.0000   0.0000   0.0000   0.0000   0.0000   0.0000 
 0.0000   0.0000   0.0000   0.0000   0.0000   0.0000   0.0000   0.0000 
 0.0000   0.0000   0.0000   0.0000   0.0000   0.0000   0.0000   0.0000 
 0.0000   0.0000   0.0000   0.0000   0.0000   0.0000   0.0000   0.0000 
 0.0000   0.0000   0.0000   0.0000   0.0000   0.0000   0.0000   0.0000 
 0.0000   0.0000   0.0000   0.0000   0.0000   0.0000   0.0000   0.0000 
 0.0000   0.0000   0.0000   0.0000   0.0000   0.0000   0.0000   0.0000 
