# Type of the matrix (0: Interaction, 1: Control)
1
# Dimension
19 40
# Matrix
 0.0 0.0 0.0 0.0 0.0 0.0 0.0 0.0 0.0 0.0 0.0 0.0 0.0 0.0 0.0 0.0 0.0 0.0 0.0 0.0 0.0 0.0 0.0 0.0 0.0 0.0 0.0 0.0 0.0 0.0 0.0 0.0 0.0 0.0 0.0 0.0 0.0 0.0 0.0 0.0
 0.0 0.0 0.0 0.0 0.0 0.0 0.0 0.0 0.0 0.0 0.0 0.0 0.0 0.0 0.0 0.0 0.0 0.0 0.0 0.0 0.0 0.0 0.0 0.0 0.0 0.0 0.0 0.0 0.0 0.0 0.0 0.0 0.0 0.0 0.0 0.0 0.0 0.0 0.0 0.0
 0.0 0.0 0.0 0.0 0.0 0.0 0.0 0.0 0.0 0.0 0.0 0.0 0.0 0.0 0.0 0.0 0.0 0.0 0.0 0.0 0.0 0.0 0.0 0.0 0.0 0.0 0.0 0.0 0.0 0.0 0.0 0.0 0.0 0.0 0.0 0.0 0.0 0.0 0.0 0.0
   -0.0599   -0.5762   -0.0858   -0.4160    0.0402   -0.3226    0.0475   -0.2259   -0.0846   -0.2481   -0.0211   -0.1915    0.5858   -0.0259    0.2128    0.1459   -0.0489    0.0784   -0.1988   -0.0966    0.8444    0.2933    0.2666    0.2255   -0.1807   -0.0128   -0.1247   -0.0447    0.1228    0.3332   -0.1128    0.1706   -0.1806    0.2133   -0.4610    0.0901   -0.3251    0.5777   -0.2358    0.0323
    0.2256   -0.0815    0.1408   -0.1296    0.1576    0.0740    0.1572   -0.0265    0.0773   -0.1148    0.0637   -0.1683    0.1243    0.2171    0.0394    0.1434    0.0045   -0.0966   -0.0027   -0.1416    0.0195    0.2208   -0.0648    0.1188   -0.0118   -0.0718   -0.0299   -0.1015   -0.1820    0.1349   -0.1462    0.0350   -0.0951   -0.0104   -0.0890   -0.0690   -0.2522    0.1213   -0.1362   -0.0536
    0.0329    0.0277   -0.0135    0.0353    0.0397   -0.0121    0.0305   -0.0217    0.0033   -0.0160   -0.0426    0.0006    0.0012   -0.0169    0.0094   -0.0470   -0.0176   -0.0484   -0.0267   -0.0149   -0.0552   -0.0036   -0.0195   -0.0306    0.0231   -0.0218    0.0187   -0.0008   -0.0514    0.0358    0.0009    0.0136    0.0194   -0.0060    0.0531    0.0096   -0.0173    0.0623    0.0117    0.0549
    0.0168   -0.0142   -0.0034    0.0286    0.0180   -0.0565    0.0554   -0.0166    0.0351    0.0169   -0.0334    0.0725   -0.0401   -0.0204    0.0347   -0.0184    0.0031    0.0236   -0.0773    0.0303   -0.0462    0.0292    0.0352    0.0209    0.0072   -0.0237   -0.0735   -0.0363    0.0011    0.0690    0.0512    0.0171    0.0382   -0.0415   -0.0086   -0.0794   -0.0070    0.0280   -0.0064   -0.0291
 0.0 0.0 0.0 0.0 0.0 0.0 0.0 0.0 0.0 0.0 0.0 0.0 0.0 0.0 0.0 0.0 0.0 0.0 0.0 0.0 0.0 0.0 0.0 0.0 0.0 0.0 0.0 0.0 0.0 0.0 0.0 0.0 0.0 0.0 0.0 0.0 0.0 0.0 0.0 0.0
    0.0890   -0.1108   -0.0804   -0.1002    0.1177   -0.0038    0.0660   -0.0545   -0.0360   -0.0533   -0.1392   -0.0054    0.0278    0.0863    0.0213    0.0116   -0.0481    0.0235   -0.0418    0.1237   -0.0831    0.0973   -0.0604    0.0263    0.0740    0.0420    0.0357    0.1191   -0.1354    0.0091   -0.0322   -0.0303    0.0454   -0.0403    0.1640    0.0153   -0.0522   -0.0858    0.0682   -0.0701
    0.1347    0.0907    0.1187   -0.0497    0.0416    0.1593    0.0354    0.0583    0.0215   -0.0206   -0.0160   -0.1345   -0.1100    0.0899   -0.0543    0.0342   -0.0727   -0.0564   -0.0821   -0.0428   -0.1797   -0.0830   -0.0789   -0.0657   -0.0505    0.0720   -0.1318    0.0982   -0.0103   -0.1605    0.0407   -0.0527    0.0445    0.0236    0.0444    0.1284    0.1619   -0.1463    0.1428    0.0577
 0.0 0.0 0.0 0.0 0.0 0.0 0.0 0.0 0.0 0.0 0.0 0.0 0.0 0.0 0.0 0.0 0.0 0.0 0.0 0.0 0.0 0.0 0.0 0.0 0.0 0.0 0.0 0.0 0.0 0.0 0.0 0.0 0.0 0.0 0.0 0.0 0.0 0.0 0.0 0.0
 0.0 0.0 0.0 0.0 0.0 0.0 0.0 0.0 0.0 0.0 0.0 0.0 0.0 0.0 0.0 0.0 0.0 0.0 0.0 0.0 0.0 0.0 0.0 0.0 0.0 0.0 0.0 0.0 0.0 0.0 0.0 0.0 0.0 0.0 0.0 0.0 0.0 0.0 0.0 0.0
 0.0 0.0 0.0 0.0 0.0 0.0 0.0 0.0 0.0 0.0 0.0 0.0 0.0 0.0 0.0 0.0 0.0 0.0 0.0 0.0 0.0 0.0 0.0 0.0 0.0 0.0 0.0 0.0 0.0 0.0 0.0 0.0 0.0 0.0 0.0 0.0 0.0 0.0 0.0 0.0
 0.0 0.0 0.0 0.0 0.0 0.0 0.0 0.0 0.0 0.0 0.0 0.0 0.0 0.0 0.0 0.0 0.0 0.0 0.0 0.0 0.0 0.0 0.0 0.0 0.0 0.0 0.0 0.0 0.0 0.0 0.0 0.0 0.0 0.0 0.0 0.0 0.0 0.0 0.0 0.0
 0.0 0.0 0.0 0.0 0.0 0.0 0.0 0.0 0.0 0.0 0.0 0.0 0.0 0.0 0.0 0.0 0.0 0.0 0.0 0.0 0.0 0.0 0.0 0.0 0.0 0.0 0.0 0.0 0.0 0.0 0.0 0.0 0.0 0.0 0.0 0.0 0.0 0.0 0.0 0.0
 0.0 0.0 0.0 0.0 0.0 0.0 0.0 0.0 0.0 0.0 0.0 0.0 0.0 0.0 0.0 0.0 0.0 0.0 0.0 0.0 0.0 0.0 0.0 0.0 0.0 0.0 0.0 0.0 0.0 0.0 0.0 0.0 0.0 0.0 0.0 0.0 0.0 0.0 0.0 0.0
 0.0 0.0 0.0 0.0 0.0 0.0 0.0 0.0 0.0 0.0 0.0 0.0 0.0 0.0 0.0 0.0 0.0 0.0 0.0 0.0 0.0 0.0 0.0 0.0 0.0 0.0 0.0 0.0 0.0 0.0 0.0 0.0 0.0 0.0 0.0 0.0 0.0 0.0 0.0 0.0
 0.0 0.0 0.0 0.0 0.0 0.0 0.0 0.0 0.0 0.0 0.0 0.0 0.0 0.0 0.0 0.0 0.0 0.0 0.0 0.0 0.0 0.0 0.0 0.0 0.0 0.0 0.0 0.0 0.0 0.0 0.0 0.0 0.0 0.0 0.0 0.0 0.0 0.0 0.0 0.0
 0.0 0.0 0.0 0.0 0.0 0.0 0.0 0.0 0.0 0.0 0.0 0.0 0.0 0.0 0.0 0.0 0.0 0.0 0.0 0.0 0.0 0.0 0.0 0.0 0.0 0.0 0.0 0.0 0.0 0.0 0.0 0.0 0.0 0.0 0.0 0.0 0.0 0.0 0.0 0.0
