# Type of the matrix (0: Interaction, 1: Control)
1
# Dimension
19 40
# Matrix
 0.0 0.0 0.0 0.0 0.0 0.0 0.0 0.0 0.0 0.0 0.0 0.0 0.0 0.0 0.0 0.0 0.0 0.0 0.0 0.0 0.0 0.0 0.0 0.0 0.0 0.0 0.0 0.0 0.0 0.0 0.0 0.0 0.0 0.0 0.0 0.0 0.0 0.0 0.0 0.0
 0.0 0.0 0.0 0.0 0.0 0.0 0.0 0.0 0.0 0.0 0.0 0.0 0.0 0.0 0.0 0.0 0.0 0.0 0.0 0.0 0.0 0.0 0.0 0.0 0.0 0.0 0.0 0.0 0.0 0.0 0.0 0.0 0.0 0.0 0.0 0.0 0.0 0.0 0.0 0.0
 0.0 0.0 0.0 0.0 0.0 0.0 0.0 0.0 0.0 0.0 0.0 0.0 0.0 0.0 0.0 0.0 0.0 0.0 0.0 0.0 0.0 0.0 0.0 0.0 0.0 0.0 0.0 0.0 0.0 0.0 0.0 0.0 0.0 0.0 0.0 0.0 0.0 0.0 0.0 0.0
   -0.0230   -0.2731   -0.1205   -0.2232    0.1421   -0.1578    0.0146   -0.1245   -0.0759   -0.1046   -0.1385   -0.0623    0.3045   -0.0693    0.1762   -0.0748   -0.1331    0.0232   -0.0726    0.0431    0.2326    0.1312    0.1601    0.1013   -0.1122    0.0127   -0.0912    0.0392    0.0938    0.2281   -0.0063    0.1208   -0.0767    0.0714   -0.1168    0.0186   -0.0615    0.1595   -0.0956    0.1406
    0.3525   -0.0323    0.2336   -0.2270    0.2444    0.1923    0.1294    0.0049    0.0845   -0.1583   -0.0097   -0.2463    0.2159    0.2321    0.1069    0.0862   -0.0652   -0.0912   -0.0154   -0.1384   -0.0397    0.2690   -0.0651    0.1109   -0.0774   -0.1734   -0.0300   -0.1491   -0.2043    0.2195   -0.1837    0.0364   -0.1569   -0.0739   -0.0954   -0.1208   -0.2405    0.1353   -0.1840    0.1241
    0.0421    0.0698   -0.0273    0.0453    0.0685   -0.0196    0.0141   -0.0554   -0.0105   -0.0504   -0.0448   -0.0130    0.0190   -0.0252    0.0098   -0.0826   -0.0103   -0.0433   -0.0167   -0.0108   -0.0856   -0.0095   -0.0619   -0.0675    0.0423   -0.0569    0.0641   -0.0038   -0.1275    0.0303   -0.0261   -0.0070    0.0343   -0.0086    0.1033    0.0257   -0.0448    0.1371    0.0580    0.1452
   -0.0025   -0.0304    0.0143    0.0985   -0.0022   -0.1007    0.0866   -0.0179    0.0860    0.0547   -0.0269    0.0858   -0.1010   -0.0646    0.0357   -0.0517    0.0300    0.0298   -0.1392    0.0293   -0.1034    0.0390    0.0351    0.0258    0.0293   -0.0341   -0.1525   -0.0550   -0.0032    0.1103    0.0992    0.0385    0.1000   -0.0447   -0.0207   -0.1151    0.0102    0.0621    0.0250   -0.0598
 0.0 0.0 0.0 0.0 0.0 0.0 0.0 0.0 0.0 0.0 0.0 0.0 0.0 0.0 0.0 0.0 0.0 0.0 0.0 0.0 0.0 0.0 0.0 0.0 0.0 0.0 0.0 0.0 0.0 0.0 0.0 0.0 0.0 0.0 0.0 0.0 0.0 0.0 0.0 0.0
    0.1276   -0.1055   -0.0421   -0.1355    0.1583    0.0250    0.0520   -0.0676   -0.0154   -0.0866   -0.1447   -0.0118    0.0794    0.1215    0.0474    0.0174   -0.0573    0.0621   -0.0846    0.1485   -0.1128    0.1264   -0.0826    0.0182    0.0516   -0.0018    0.0700    0.1083   -0.1954   -0.0030   -0.0756   -0.0673    0.0538   -0.0662    0.1512   -0.0165   -0.0831   -0.0577    0.1022   -0.0080
    0.1840    0.0486    0.1415   -0.1210    0.0320    0.1592    0.0354    0.0317    0.0159   -0.0700   -0.0283   -0.1526   -0.0915    0.1042   -0.0591    0.0622   -0.0407   -0.0530   -0.1335   -0.0510   -0.1130   -0.0616   -0.0818   -0.0503   -0.0316    0.0567   -0.0808    0.0842   -0.0241   -0.1484    0.0081   -0.0487    0.0197    0.0513    0.0043    0.1434    0.1198   -0.0530    0.1237    0.0681
 0.0 0.0 0.0 0.0 0.0 0.0 0.0 0.0 0.0 0.0 0.0 0.0 0.0 0.0 0.0 0.0 0.0 0.0 0.0 0.0 0.0 0.0 0.0 0.0 0.0 0.0 0.0 0.0 0.0 0.0 0.0 0.0 0.0 0.0 0.0 0.0 0.0 0.0 0.0 0.0
 0.0 0.0 0.0 0.0 0.0 0.0 0.0 0.0 0.0 0.0 0.0 0.0 0.0 0.0 0.0 0.0 0.0 0.0 0.0 0.0 0.0 0.0 0.0 0.0 0.0 0.0 0.0 0.0 0.0 0.0 0.0 0.0 0.0 0.0 0.0 0.0 0.0 0.0 0.0 0.0
 0.0 0.0 0.0 0.0 0.0 0.0 0.0 0.0 0.0 0.0 0.0 0.0 0.0 0.0 0.0 0.0 0.0 0.0 0.0 0.0 0.0 0.0 0.0 0.0 0.0 0.0 0.0 0.0 0.0 0.0 0.0 0.0 0.0 0.0 0.0 0.0 0.0 0.0 0.0 0.0
 0.0 0.0 0.0 0.0 0.0 0.0 0.0 0.0 0.0 0.0 0.0 0.0 0.0 0.0 0.0 0.0 0.0 0.0 0.0 0.0 0.0 0.0 0.0 0.0 0.0 0.0 0.0 0.0 0.0 0.0 0.0 0.0 0.0 0.0 0.0 0.0 0.0 0.0 0.0 0.0
 0.0 0.0 0.0 0.0 0.0 0.0 0.0 0.0 0.0 0.0 0.0 0.0 0.0 0.0 0.0 0.0 0.0 0.0 0.0 0.0 0.0 0.0 0.0 0.0 0.0 0.0 0.0 0.0 0.0 0.0 0.0 0.0 0.0 0.0 0.0 0.0 0.0 0.0 0.0 0.0
 0.0 0.0 0.0 0.0 0.0 0.0 0.0 0.0 0.0 0.0 0.0 0.0 0.0 0.0 0.0 0.0 0.0 0.0 0.0 0.0 0.0 0.0 0.0 0.0 0.0 0.0 0.0 0.0 0.0 0.0 0.0 0.0 0.0 0.0 0.0 0.0 0.0 0.0 0.0 0.0
 0.0 0.0 0.0 0.0 0.0 0.0 0.0 0.0 0.0 0.0 0.0 0.0 0.0 0.0 0.0 0.0 0.0 0.0 0.0 0.0 0.0 0.0 0.0 0.0 0.0 0.0 0.0 0.0 0.0 0.0 0.0 0.0 0.0 0.0 0.0 0.0 0.0 0.0 0.0 0.0
 0.0 0.0 0.0 0.0 0.0 0.0 0.0 0.0 0.0 0.0 0.0 0.0 0.0 0.0 0.0 0.0 0.0 0.0 0.0 0.0 0.0 0.0 0.0 0.0 0.0 0.0 0.0 0.0 0.0 0.0 0.0 0.0 0.0 0.0 0.0 0.0 0.0 0.0 0.0 0.0
 0.0 0.0 0.0 0.0 0.0 0.0 0.0 0.0 0.0 0.0 0.0 0.0 0.0 0.0 0.0 0.0 0.0 0.0 0.0 0.0 0.0 0.0 0.0 0.0 0.0 0.0 0.0 0.0 0.0 0.0 0.0 0.0 0.0 0.0 0.0 0.0 0.0 0.0 0.0 0.0
