# Type of the matrix (0: Interaction, 1: Control)
1
# Dimension
8 8
# Matrix
 1.2500e-001 -2.0967e-002  1.7069e-002 -9.6570e-004 -1.5646e-001  9.6570e-004  1.4389e-002  9.8824e-002
-2.0967e-002  1.2500e-001  9.6570e-004 -1.5646e-001 -9.6570e-004  1.7069e-002  9.8824e-002  1.4389e-002
 1.7069e-002  9.6570e-004  1.2500e-001  2.0967e-002  1.4389e-002 -9.8824e-002 -1.5646e-001 -9.6570e-004
-9.6570e-004 -1.5646e-001  2.0967e-002  1.2500e-001 -9.8824e-002  1.4389e-002  9.6570e-004  1.7069e-002
-1.5646e-001 -9.6570e-004  1.4389e-002 -9.8824e-002  1.2500e-001  2.0967e-002  1.7069e-002  9.6570e-004
 9.6570e-004  1.7069e-002 -9.8824e-002  1.4389e-002  2.0967e-002  1.2500e-001 -9.6570e-004 -1.5646e-001
 1.4389e-002  9.8824e-002 -1.5646e-001  9.6570e-004  1.7069e-002 -9.6570e-004  1.2500e-001 -2.0967e-002
 9.8824e-002  1.4389e-002 -9.6570e-004  1.7069e-002  9.6570e-004 -1.5646e-001 -2.0967e-002  1.2500e-001
