# Type of the matrix (0: Interaction, 1: Control)
1
# Dimension
6 8
# Matrix
 0.3466   0.0000   0.3466   0.0000   0.3466   0.0000   0.3466   0.0000
 0.0000   0.3466   0.0000   0.3466   0.0000   0.3466   0.0000   0.3466
-0.1179  -0.1179   0.1179  -0.1179  -0.1179   0.1179   0.1179   0.1179
-0.1668  -0.1668  -0.1668   0.1668   0.1668  -0.1668   0.1668   0.1668
-0.1668   0.1668   0.1668   0.1668  -0.1668  -0.1668   0.1668  -0.1668
-0.3535   0.3535  -0.3535  -0.3535   0.3535   0.3535   0.3535  -0.3535
