# Type of the matrix (0: Interaction, 1: Control)
1
# Dimension
8 8
# Matrix
-1.8489e-032  3.1250e-002 -3.9469e-018  3.1250e-002  7.7137e-018  3.1250e-002 -3.7668e-018  3.1250e-002
 3.1250e-002 -1.8489e-032  3.1250e-002  7.7137e-018  3.1250e-002 -3.9469e-018  3.1250e-002 -3.7668e-018
-3.9469e-018  3.1250e-002 -6.1630e-033  3.1250e-002 -3.7668e-018  3.1250e-002  7.7137e-018  3.1250e-002
 3.1250e-002  7.7137e-018  3.1250e-002 -6.1630e-033  3.1250e-002 -3.7668e-018  3.1250e-002 -3.9469e-018
 7.7137e-018  3.1250e-002 -3.7668e-018  3.1250e-002  3.0815e-032  3.1250e-002 -3.9469e-018  3.1250e-002
 3.1250e-002 -3.9469e-018  3.1250e-002 -3.7668e-018  3.1250e-002  1.8489e-032  3.1250e-002  7.7137e-018
-3.7668e-018  3.1250e-002  7.7137e-018  3.1250e-002 -3.9469e-018  3.1250e-002 -6.1630e-033  3.1250e-002
 3.1250e-002 -3.7668e-018  3.1250e-002 -3.9469e-018  3.1250e-002  7.7137e-018  3.1250e-002 -6.1630e-033
