# Type of the matrix (0: Interaction, 1: Control)
1
# Dimension
8 8
# Matrix
-3.1250e-002 -6.0325e-002  1.7941e-001 -2.7785e-003 -3.1986e-001  2.7785e-003  1.7170e-001  2.8433e-001
-6.0325e-002  3.1250e-002  2.7785e-003 -2.5736e-001 -2.7785e-003  2.4191e-001  2.8433e-001  2.3420e-001
 1.7941e-001  2.7785e-003 -3.1250e-002  6.0325e-002  1.7170e-001 -2.8433e-001 -3.1986e-001 -2.7785e-003
-2.7785e-003 -2.5736e-001  6.0325e-002  3.1250e-002 -2.8433e-001  2.3420e-001  2.7785e-003  2.4191e-001
-3.1986e-001 -2.7785e-003  1.7170e-001 -2.8433e-001 -3.1250e-002  6.0325e-002  1.7941e-001  2.7785e-003
 2.7785e-003  2.4191e-001 -2.8433e-001  2.3420e-001  6.0325e-002  3.1250e-002 -2.7785e-003 -2.5736e-001
 1.7170e-001  2.8433e-001 -3.1986e-001  2.7785e-003  1.7941e-001 -2.7785e-003 -3.1250e-002 -6.0325e-002
 2.8433e-001  2.3420e-001 -2.7785e-003  2.4191e-001  2.7785e-003 -2.5736e-001 -6.0325e-002  3.1250e-002
