-1 -1
27.500 17.500 
37.500 17.500 
47.500 17.500 
57.500 17.500 
-1 -1
17.500 27.500 
27.500 27.500
37.500 27.500 
47.500 27.500
57.500 27.500 
67.500 27.500 
17.500 37.500 
27.500 37.500 
37.500 37.500 
47.500 37.500 
57.500 37.500 
67.500 37.500 
17.500 47.500 
27.500 47.500 
37.500 47.500 
47.500 47.500 
57.500 47.500 
67.500 47.500 
17.500 57.500 
27.500 57.500 
37.500 57.500 
47.500 57.500 
57.500 57.500 
67.500 57.500 
-1 -1
27.500 67.500 
37.500 67.500 
47.500 67.500 
57.500 67.500 
-1 -1