24.000 
3.500
14.000 
3.500
34.000 
3.500
14.000 
3.500
44.000 
3.500
14.000 
3.500
54.000 
3.500
14.000 
3.500
14.000 
3.500
24.000 
3.500
24.000 
3.500
24.000
3.500
34.000 
3.500
24.000 
3.500
44.000 
3.500
24.000
3.500
54.000 
3.500
24.000 
3.500
64.000 
3.500
24.000 
3.500
14.000 
3.500
34.000 
3.500
24.000 
3.500
34.000 
3.500
34.000 
3.500
34.000 
3.500
44.000 
3.500
34.000 
3.500
54.000 
3.500
34.000 
3.500
64.000 
3.500
34.000 
3.500
14.000 
3.500
44.000 
3.500
24.000 
3.500
44.000 
3.500
34.000 
3.500
44.000 
3.500
44.000 
3.500
44.000 
3.500
54.000 
3.500
44.000 
3.500
64.000
3.500
44.000 
3.500
14.000 
3.500
54.000 
3.500
24.000 
3.500
54.000 
3.500
34.000 
3.500
54.000 
3.500
44.000 
3.500
54.000 
3.500
54.000 
3.500
54.000 
3.500
64.000 
3.500
54.000 
3.500
24.000 
3.500
64.000 
3.500
34.000 
3.500
64.000 
3.500
44.000 
3.500
64.000 
3.500
54.000 
3.500
64.000 
3.500
