-1.000000 -1.000000
25.586374 15.752757
35.586281 15.930460
45.589619 16.106062
55.531784 16.141422
-1.000000 -1.000000
15.664064 25.780067
25.639297 25.886934
35.621571 25.958038
45.615795 25.838564
55.577106 25.984930
65.454712 26.040630
15.672537 35.781319
25.646379 35.826973
35.634678 35.929611
45.578442 35.750267
55.587109 35.851490
65.478813 35.933540
15.731977 45.973827
25.724398 46.281090
35.692169 46.317287
45.654926 46.223061
55.623672 46.562805
65.522842 46.412674
15.738215 55.837276
25.709106 56.138657
35.745911 56.189377
45.706799 56.191566
55.633453 56.330975
65.504707 56.417465
-1.000000 -1.000000
25.724676 66.015923
35.657410 66.021431
45.676617 65.885262
55.641968 66.207184
-1.000000 -1.000000
