# Type of the matrix (0: Interaction, 1: Control)
1
# Dimension
19 40
# Matrix
 0.0 0.0 0.0 0.0 0.0 0.0 0.0 0.0 0.0 0.0 0.0 0.0 0.0 0.0 0.0 0.0 0.0 0.0 0.0 0.0 0.0 0.0 0.0 0.0 0.0 0.0 0.0 0.0 0.0 0.0 0.0 0.0 0.0 0.0 0.0 0.0 0.0 0.0 0.0 0.0
 0.0 0.0 0.0 0.0 0.0 0.0 0.0 0.0 0.0 0.0 0.0 0.0 0.0 0.0 0.0 0.0 0.0 0.0 0.0 0.0 0.0 0.0 0.0 0.0 0.0 0.0 0.0 0.0 0.0 0.0 0.0 0.0 0.0 0.0 0.0 0.0 0.0 0.0 0.0 0.0
 0.0 0.0 0.0 0.0 0.0 0.0 0.0 0.0 0.0 0.0 0.0 0.0 0.0 0.0 0.0 0.0 0.0 0.0 0.0 0.0 0.0 0.0 0.0 0.0 0.0 0.0 0.0 0.0 0.0 0.0 0.0 0.0 0.0 0.0 0.0 0.0 0.0 0.0 0.0 0.0
    0.0352   -0.1797   -0.0352   -0.1797    0.1090   -0.1090    0.0363   -0.1090   -0.0363   -0.1090   -0.1090   -0.1090    0.1797   -0.0352    0.1090   -0.0363   -0.1090   -0.0363   -0.1797   -0.0352    0.1797    0.0352    0.1090    0.0363   -0.1090    0.0363   -0.1797    0.0352    0.1090    0.1090    0.0363    0.1090   -0.0363    0.1090   -0.1090    0.1090    0.0352    0.1797   -0.0352    0.1797
    0.1809    0.0355    0.1809   -0.0355    0.1097    0.1097    0.1097    0.0366    0.1097   -0.0366    0.1097   -0.1097    0.0355    0.1809    0.0366    0.1097    0.0366   -0.1097    0.0355   -0.1809   -0.0355    0.1809   -0.0366    0.1097   -0.0366   -0.1097   -0.0355   -0.1809   -0.1097    0.1097   -0.1097    0.0366   -0.1097   -0.0366   -0.1097   -0.1097   -0.1809    0.0355   -0.1809   -0.0355
    0.0514    0.1690   -0.0514    0.1690    0.0970    0.0512    0.0323    0.0081   -0.0323    0.0081   -0.0970    0.0512    0.0514    0.0502    0.0323   -0.0323   -0.0323   -0.0323   -0.0514    0.0502   -0.0514    0.0502   -0.0323   -0.0324    0.0323   -0.0324    0.0514    0.0502   -0.0970    0.0512   -0.0323    0.0081    0.0323    0.0081    0.0970    0.0512   -0.0514    0.1690    0.0514    0.1690
   -0.0502   -0.0514   -0.0502    0.0514   -0.0512   -0.0970    0.0323   -0.0323    0.0323    0.0323   -0.0512    0.0970   -0.1690   -0.0514   -0.0081   -0.0323   -0.0081    0.0323   -0.1690    0.0514   -0.1690    0.0514   -0.0081    0.0323   -0.0081   -0.0323   -0.1690   -0.0514   -0.0512    0.0970    0.0323    0.0323    0.0323   -0.0323   -0.0512   -0.0970   -0.0502    0.0514   -0.0502   -0.0514
 0.0 0.0 0.0 0.0 0.0 0.0 0.0 0.0 0.0 0.0 0.0 0.0 0.0 0.0 0.0 0.0 0.0 0.0 0.0 0.0 0.0 0.0 0.0 0.0 0.0 0.0 0.0 0.0 0.0 0.0 0.0 0.0 0.0 0.0 0.0 0.0 0.0 0.0 0.0 0.0
    0.0875   -0.1083   -0.0875   -0.1083    0.1651    0.0186    0.0550   -0.0548   -0.0550   -0.0548   -0.1651    0.0186    0.0875    0.1878    0.0550    0.0460   -0.0550    0.0460   -0.0875    0.1878   -0.0875    0.1878   -0.0550    0.0460    0.0550    0.0460    0.0875    0.1878   -0.1651    0.0186   -0.0550   -0.0548    0.0550   -0.0548    0.1651    0.0186   -0.0875   -0.1083    0.0875   -0.1083
    0.1878    0.0875    0.1878   -0.0875    0.0186    0.1651    0.0460    0.0550    0.0460   -0.0550    0.0186   -0.1651   -0.1083    0.0875   -0.0548    0.0550   -0.0548   -0.0550   -0.1083   -0.0875   -0.1083   -0.0875   -0.0548   -0.0550   -0.0548    0.0550   -0.1083    0.0875    0.0186   -0.1651    0.0460   -0.0550    0.0460    0.0550    0.0186    0.1651    0.1878   -0.0875    0.1878    0.0875
 0.0 0.0 0.0 0.0 0.0 0.0 0.0 0.0 0.0 0.0 0.0 0.0 0.0 0.0 0.0 0.0 0.0 0.0 0.0 0.0 0.0 0.0 0.0 0.0 0.0 0.0 0.0 0.0 0.0 0.0 0.0 0.0 0.0 0.0 0.0 0.0 0.0 0.0 0.0 0.0
 0.0 0.0 0.0 0.0 0.0 0.0 0.0 0.0 0.0 0.0 0.0 0.0 0.0 0.0 0.0 0.0 0.0 0.0 0.0 0.0 0.0 0.0 0.0 0.0 0.0 0.0 0.0 0.0 0.0 0.0 0.0 0.0 0.0 0.0 0.0 0.0 0.0 0.0 0.0 0.0
 0.0 0.0 0.0 0.0 0.0 0.0 0.0 0.0 0.0 0.0 0.0 0.0 0.0 0.0 0.0 0.0 0.0 0.0 0.0 0.0 0.0 0.0 0.0 0.0 0.0 0.0 0.0 0.0 0.0 0.0 0.0 0.0 0.0 0.0 0.0 0.0 0.0 0.0 0.0 0.0
 0.0 0.0 0.0 0.0 0.0 0.0 0.0 0.0 0.0 0.0 0.0 0.0 0.0 0.0 0.0 0.0 0.0 0.0 0.0 0.0 0.0 0.0 0.0 0.0 0.0 0.0 0.0 0.0 0.0 0.0 0.0 0.0 0.0 0.0 0.0 0.0 0.0 0.0 0.0 0.0
 0.0 0.0 0.0 0.0 0.0 0.0 0.0 0.0 0.0 0.0 0.0 0.0 0.0 0.0 0.0 0.0 0.0 0.0 0.0 0.0 0.0 0.0 0.0 0.0 0.0 0.0 0.0 0.0 0.0 0.0 0.0 0.0 0.0 0.0 0.0 0.0 0.0 0.0 0.0 0.0
 0.0 0.0 0.0 0.0 0.0 0.0 0.0 0.0 0.0 0.0 0.0 0.0 0.0 0.0 0.0 0.0 0.0 0.0 0.0 0.0 0.0 0.0 0.0 0.0 0.0 0.0 0.0 0.0 0.0 0.0 0.0 0.0 0.0 0.0 0.0 0.0 0.0 0.0 0.0 0.0
 0.0 0.0 0.0 0.0 0.0 0.0 0.0 0.0 0.0 0.0 0.0 0.0 0.0 0.0 0.0 0.0 0.0 0.0 0.0 0.0 0.0 0.0 0.0 0.0 0.0 0.0 0.0 0.0 0.0 0.0 0.0 0.0 0.0 0.0 0.0 0.0 0.0 0.0 0.0 0.0
 0.0 0.0 0.0 0.0 0.0 0.0 0.0 0.0 0.0 0.0 0.0 0.0 0.0 0.0 0.0 0.0 0.0 0.0 0.0 0.0 0.0 0.0 0.0 0.0 0.0 0.0 0.0 0.0 0.0 0.0 0.0 0.0 0.0 0.0 0.0 0.0 0.0 0.0 0.0 0.0
 0.0 0.0 0.0 0.0 0.0 0.0 0.0 0.0 0.0 0.0 0.0 0.0 0.0 0.0 0.0 0.0 0.0 0.0 0.0 0.0 0.0 0.0 0.0 0.0 0.0 0.0 0.0 0.0 0.0 0.0 0.0 0.0 0.0 0.0 0.0 0.0 0.0 0.0 0.0 0.0
