# Type of the matrix (0: Interaction, 1: Control)
1
# Dimension
19 40
# Matrix
 0.0 0.0 0.0 0.0 0.0 0.0 0.0 0.0 0.0 0.0 0.0 0.0 0.0 0.0 0.0 0.0 0.0 0.0 0.0 0.0 0.0 0.0 0.0 0.0 0.0 0.0 0.0 0.0 0.0 0.0 0.0 0.0 0.0 0.0 0.0 0.0 0.0 0.0 0.0 0.0
 0.0 0.0 0.0 0.0 0.0 0.0 0.0 0.0 0.0 0.0 0.0 0.0 0.0 0.0 0.0 0.0 0.0 0.0 0.0 0.0 0.0 0.0 0.0 0.0 0.0 0.0 0.0 0.0 0.0 0.0 0.0 0.0 0.0 0.0 0.0 0.0 0.0 0.0 0.0 0.0
 0.0 0.0 0.0 0.0 0.0 0.0 0.0 0.0 0.0 0.0 0.0 0.0 0.0 0.0 0.0 0.0 0.0 0.0 0.0 0.0 0.0 0.0 0.0 0.0 0.0 0.0 0.0 0.0 0.0 0.0 0.0 0.0 0.0 0.0 0.0 0.0 0.0 0.0 0.0 0.0
    0.0726   -0.0942   -0.0726   -0.0942    0.1670   -0.1670    0.0747   -0.1670   -0.0747   -0.1670   -0.1670   -0.1670    0.0942   -0.0726    0.1670   -0.0747   -0.1670   -0.0747   -0.0942   -0.0726    0.0942    0.0726    0.1670    0.0747   -0.1670    0.0747   -0.0942    0.0726    0.1670    0.1670    0.0747    0.1670   -0.0747    0.1670   -0.1670    0.1670    0.0726    0.0942   -0.0726    0.0942
    0.1803    0.0137    0.1803   -0.0137    0.0965    0.0965    0.1313    0.0360    0.1313   -0.0360    0.0965   -0.0965    0.0137    0.1803    0.0360    0.1313    0.0360   -0.1313    0.0137   -0.1803   -0.0137    0.1803   -0.0360    0.1313   -0.0360   -0.1313   -0.0137   -0.1803   -0.0965    0.0965   -0.1313    0.0360   -0.1313   -0.0360   -0.0965   -0.0965   -0.1803    0.0137   -0.1803   -0.0137
    0.0207    0.1209   -0.0207    0.1209    0.1144    0.1230    0.0372    0.1113   -0.0372    0.1113   -0.1144    0.1230    0.0840    0.0361    0.0510   -0.0879   -0.0510   -0.0879   -0.0840    0.0361   -0.0840    0.0361   -0.0510   -0.0879    0.0510   -0.0879    0.0840    0.0361   -0.1144    0.1230   -0.0372    0.1113    0.0372    0.1113    0.1144    0.1230   -0.0207    0.1209    0.0207    0.1209
   -0.0361   -0.0840   -0.0361    0.0840   -0.1230   -0.1144    0.0879   -0.0510    0.0879    0.0510   -0.1230    0.1144   -0.1209   -0.0207   -0.1113   -0.0372   -0.1113    0.0372   -0.1209    0.0207   -0.1209    0.0207   -0.1113    0.0372   -0.1113   -0.0372   -0.1209   -0.0207   -0.1230    0.1144    0.0879    0.0510    0.0879   -0.0510   -0.1230   -0.1144   -0.0361    0.0840   -0.0361   -0.0840
 0.0 0.0 0.0 0.0 0.0 0.0 0.0 0.0 0.0 0.0 0.0 0.0 0.0 0.0 0.0 0.0 0.0 0.0 0.0 0.0 0.0 0.0 0.0 0.0 0.0 0.0 0.0 0.0 0.0 0.0 0.0 0.0 0.0 0.0 0.0 0.0 0.0 0.0 0.0 0.0
    0.1056   -0.0792   -0.1056   -0.0792    0.1497   -0.0238    0.0412   -0.1249   -0.0412   -0.1249   -0.1497   -0.0238    0.0839    0.1977    0.0364    0.0739   -0.0364    0.0739   -0.0839    0.1977   -0.0839    0.1977   -0.0364    0.0739    0.0364    0.0739    0.0839    0.1977   -0.1497   -0.0238   -0.0412   -0.1249    0.0412   -0.1249    0.1497   -0.0238   -0.1056   -0.0792    0.1056   -0.0792
    0.1977    0.0839    0.1977   -0.0839   -0.0238    0.1497    0.0739    0.0364    0.0739   -0.0364   -0.0238   -0.1497   -0.0792    0.1056   -0.1249    0.0412   -0.1249   -0.0412   -0.0792   -0.1056   -0.0792   -0.1056   -0.1249   -0.0412   -0.1249    0.0412   -0.0792    0.1056   -0.0238   -0.1497    0.0739   -0.0364    0.0739    0.0364   -0.0238    0.1497    0.1977   -0.0839    0.1977    0.0839
 0.0 0.0 0.0 0.0 0.0 0.0 0.0 0.0 0.0 0.0 0.0 0.0 0.0 0.0 0.0 0.0 0.0 0.0 0.0 0.0 0.0 0.0 0.0 0.0 0.0 0.0 0.0 0.0 0.0 0.0 0.0 0.0 0.0 0.0 0.0 0.0 0.0 0.0 0.0 0.0
 0.0 0.0 0.0 0.0 0.0 0.0 0.0 0.0 0.0 0.0 0.0 0.0 0.0 0.0 0.0 0.0 0.0 0.0 0.0 0.0 0.0 0.0 0.0 0.0 0.0 0.0 0.0 0.0 0.0 0.0 0.0 0.0 0.0 0.0 0.0 0.0 0.0 0.0 0.0 0.0
 0.0 0.0 0.0 0.0 0.0 0.0 0.0 0.0 0.0 0.0 0.0 0.0 0.0 0.0 0.0 0.0 0.0 0.0 0.0 0.0 0.0 0.0 0.0 0.0 0.0 0.0 0.0 0.0 0.0 0.0 0.0 0.0 0.0 0.0 0.0 0.0 0.0 0.0 0.0 0.0
 0.0 0.0 0.0 0.0 0.0 0.0 0.0 0.0 0.0 0.0 0.0 0.0 0.0 0.0 0.0 0.0 0.0 0.0 0.0 0.0 0.0 0.0 0.0 0.0 0.0 0.0 0.0 0.0 0.0 0.0 0.0 0.0 0.0 0.0 0.0 0.0 0.0 0.0 0.0 0.0
 0.0 0.0 0.0 0.0 0.0 0.0 0.0 0.0 0.0 0.0 0.0 0.0 0.0 0.0 0.0 0.0 0.0 0.0 0.0 0.0 0.0 0.0 0.0 0.0 0.0 0.0 0.0 0.0 0.0 0.0 0.0 0.0 0.0 0.0 0.0 0.0 0.0 0.0 0.0 0.0
 0.0 0.0 0.0 0.0 0.0 0.0 0.0 0.0 0.0 0.0 0.0 0.0 0.0 0.0 0.0 0.0 0.0 0.0 0.0 0.0 0.0 0.0 0.0 0.0 0.0 0.0 0.0 0.0 0.0 0.0 0.0 0.0 0.0 0.0 0.0 0.0 0.0 0.0 0.0 0.0
 0.0 0.0 0.0 0.0 0.0 0.0 0.0 0.0 0.0 0.0 0.0 0.0 0.0 0.0 0.0 0.0 0.0 0.0 0.0 0.0 0.0 0.0 0.0 0.0 0.0 0.0 0.0 0.0 0.0 0.0 0.0 0.0 0.0 0.0 0.0 0.0 0.0 0.0 0.0 0.0
 0.0 0.0 0.0 0.0 0.0 0.0 0.0 0.0 0.0 0.0 0.0 0.0 0.0 0.0 0.0 0.0 0.0 0.0 0.0 0.0 0.0 0.0 0.0 0.0 0.0 0.0 0.0 0.0 0.0 0.0 0.0 0.0 0.0 0.0 0.0 0.0 0.0 0.0 0.0 0.0
 0.0 0.0 0.0 0.0 0.0 0.0 0.0 0.0 0.0 0.0 0.0 0.0 0.0 0.0 0.0 0.0 0.0 0.0 0.0 0.0 0.0 0.0 0.0 0.0 0.0 0.0 0.0 0.0 0.0 0.0 0.0 0.0 0.0 0.0 0.0 0.0 0.0 0.0 0.0 0.0
