# Type of the matrix (0: Interaction, 1: Control)
1
# Dimension
8 8
# Matrix
-2.9104e-011  2.3397e+003 -6.5543e+003  1.0776e+002  1.2810e+004 -1.0776e+002 -6.2552e+003 -1.1028e+004
 2.3397e+003 -2.9104e-011 -1.0776e+002  1.2810e+004  1.0776e+002 -6.5543e+003 -1.1028e+004 -6.2552e+003
-6.5543e+003 -1.0776e+002 -1.4552e-011 -2.3397e+003 -6.2552e+003  1.1028e+004  1.2810e+004  1.0776e+002
 1.0776e+002  1.2810e+004 -2.3397e+003  0.0000e+000  1.1028e+004 -6.2552e+003 -1.0776e+002 -6.5543e+003
 1.2810e+004  1.0776e+002 -6.2552e+003  1.1028e+004  5.8208e-011 -2.3397e+003 -6.5543e+003 -1.0776e+002
-1.0776e+002 -6.5543e+003  1.1028e+004 -6.2552e+003 -2.3397e+003  4.3656e-011  1.0776e+002  1.2810e+004
-6.2552e+003 -1.1028e+004  1.2810e+004 -1.0776e+002 -6.5543e+003  1.0776e+002 -1.4552e-011  2.3397e+003
-1.1028e+004 -6.2552e+003  1.0776e+002 -6.5543e+003 -1.0776e+002  1.2810e+004  2.3397e+003  0.0000e+000
