# Type of the matrix (0: Interaction, 1: Control)
1
# Dimension
19 40
# Matrix
 0.0 0.0 0.0 0.0 0.0 0.0 0.0 0.0 0.0 0.0 0.0 0.0 0.0 0.0 0.0 0.0 0.0 0.0 0.0 0.0 0.0 0.0 0.0 0.0 0.0 0.0 0.0 0.0 0.0 0.0 0.0 0.0 0.0 0.0 0.0 0.0 0.0 0.0 0.0 0.0
 0.0 0.0 0.0 0.0 0.0 0.0 0.0 0.0 0.0 0.0 0.0 0.0 0.0 0.0 0.0 0.0 0.0 0.0 0.0 0.0 0.0 0.0 0.0 0.0 0.0 0.0 0.0 0.0 0.0 0.0 0.0 0.0 0.0 0.0 0.0 0.0 0.0 0.0 0.0 0.0
 0.0 0.0 0.0 0.0 0.0 0.0 0.0 0.0 0.0 0.0 0.0 0.0 0.0 0.0 0.0 0.0 0.0 0.0 0.0 0.0 0.0 0.0 0.0 0.0 0.0 0.0 0.0 0.0 0.0 0.0 0.0 0.0 0.0 0.0 0.0 0.0 0.0 0.0 0.0 0.0
    0.0352   -0.1797   -0.0352   -0.1797    0.1089   -0.1089    0.0363   -0.1089   -0.0363   -0.1089   -0.1089   -0.1089    0.1797   -0.0352    0.1089   -0.0363   -0.1089   -0.0363   -0.1797   -0.0352    0.1797    0.0352    0.1089    0.0363   -0.1089    0.0363   -0.1797    0.0352    0.1089    0.1089    0.0363    0.1089   -0.0363    0.1089   -0.1089    0.1089    0.0352    0.1797   -0.0352    0.1797
    0.1797    0.0352    0.1797   -0.0352    0.1089    0.1089    0.1089    0.0363    0.1089   -0.0363    0.1089   -0.1089    0.0352    0.1797    0.0363    0.1089    0.0363   -0.1089    0.0352   -0.1797   -0.0352    0.1797   -0.0363    0.1089   -0.0363   -0.1089   -0.0352   -0.1797   -0.1089    0.1089   -0.1089    0.0363   -0.1089   -0.0363   -0.1089   -0.1089   -0.1797    0.0352   -0.1797   -0.0352
    0.0538    0.1733   -0.0538    0.1733    0.1015    0.0500    0.0338    0.0049   -0.0338    0.0049   -0.1015    0.0500    0.0538    0.0493    0.0338   -0.0372   -0.0338   -0.0372   -0.0538    0.0493   -0.0538    0.0493   -0.0338   -0.0372    0.0338   -0.0372    0.0538    0.0493   -0.1015    0.0500   -0.0338    0.0049    0.0338    0.0049    0.1015    0.0500   -0.0538    0.1733    0.0538    0.1733
   -0.0493   -0.0538   -0.0493    0.0538   -0.0500   -0.1015    0.0372   -0.0338    0.0372    0.0338   -0.0500    0.1015   -0.1733   -0.0538   -0.0049   -0.0338   -0.0049    0.0338   -0.1733    0.0538   -0.1733    0.0538   -0.0049    0.0338   -0.0049   -0.0338   -0.1733   -0.0538   -0.0500    0.1015    0.0372    0.0338    0.0372   -0.0338   -0.0500   -0.1015   -0.0493    0.0538   -0.0493   -0.0538
   -0.0504   -0.0689    0.0504   -0.0689   -0.0513   -0.0513    0.0149    0.0836   -0.0149    0.0836    0.0513   -0.0513   -0.0689   -0.0504    0.0836    0.0149   -0.0836    0.0149    0.0689   -0.0504   -0.0689    0.0504    0.0836   -0.0149   -0.0836   -0.0149    0.0689    0.0504   -0.0513    0.0513    0.0149   -0.0836   -0.0149   -0.0836    0.0513    0.0513   -0.0504    0.0689    0.0504    0.0689
    0.0891   -0.1089   -0.0891   -0.1089    0.1682    0.0181    0.0561   -0.0566   -0.0561   -0.0566   -0.1682    0.0181    0.0891    0.1896    0.0561    0.0448   -0.0561    0.0448   -0.0891    0.1896   -0.0891    0.1896   -0.0561    0.0448    0.0561    0.0448    0.0891    0.1896   -0.1682    0.0181   -0.0561   -0.0566    0.0561   -0.0566    0.1682    0.0181   -0.0891   -0.1089    0.0891   -0.1089
    0.1896    0.0891    0.1896   -0.0891    0.0181    0.1682    0.0448    0.0561    0.0448   -0.0561    0.0181   -0.1682   -0.1089    0.0891   -0.0566    0.0561   -0.0566   -0.0561   -0.1089   -0.0891   -0.1089   -0.0891   -0.0566   -0.0561   -0.0566    0.0561   -0.1089    0.0891    0.0181   -0.1682    0.0448   -0.0561    0.0448    0.0561    0.0181    0.1682    0.1896   -0.0891    0.1896    0.0891
   -0.0400   -0.0917    0.0400   -0.0917   -0.0623    0.0623   -0.0411    0.0623    0.0411    0.0623    0.0623    0.0623    0.0917    0.0400   -0.0623    0.0411    0.0623    0.0411   -0.0917    0.0400    0.0917   -0.0400   -0.0623   -0.0411    0.0623   -0.0411   -0.0917   -0.0400   -0.0623   -0.0623   -0.0411   -0.0623    0.0411   -0.0623    0.0623   -0.0623   -0.0400    0.0917    0.0400    0.0917
    0.0047    0.1441    0.0047   -0.1441    0.0873    0.0873   -0.1427    0.0035   -0.1427   -0.0035    0.0873   -0.0873    0.1441    0.0047    0.0035   -0.1427    0.0035    0.1427    0.1441   -0.0047   -0.1441    0.0047   -0.0035   -0.1427   -0.0035    0.1427   -0.1441   -0.0047   -0.0873    0.0873    0.1427    0.0035    0.1427   -0.0035   -0.0873   -0.0873   -0.0047    0.1441   -0.0047   -0.1441
    -0.0325    -0.0551   0.0325    -0.0551   0.0711   0.0792   0.1201   0.2085    -0.1201   0.2085    -0.0711   0.0792    -0.1306    -0.0276   0.0988    -0.0019    -0.0988    -0.0019   0.1306    -0.0276   0.1306    -0.0276    -0.0988    -0.0019   0.0988    -0.0019    -0.1306    -0.0276    -0.0711   0.0792    -0.1201   0.2085   0.1201   0.2085   0.0711   0.0792   0.0325    -0.0551    -0.0325    -0.0551
   0.0276   0.1306   0.0276    -0.1306    -0.0792    -0.0711   0.0019    -0.0988   0.0019   0.0988    -0.0792   0.0711   0.0551   0.0325    -0.2085    -0.1201    -0.2085   0.1201   0.0551    -0.0325   0.0551    -0.0325    -0.2085   0.1201    -0.2085    -0.1201   0.0551   0.0325    -0.0792   0.0711   0.0019   0.0988   0.0019    -0.0988    -0.0792    -0.0711   0.0276    -0.1306   0.0276   0.1306
   -0.1602    0.0154    0.1602    0.0154    0.2684    0.2684   -0.0597    0.0092    0.0597    0.0092   -0.2684    0.2684    0.0154   -0.1602    0.0092   -0.0597   -0.0092   -0.0597   -0.0154   -0.1602    0.0154    0.1602    0.0092    0.0597   -0.0092    0.0597   -0.0154    0.1602    0.2684   -0.2684   -0.0597   -0.0092    0.0597   -0.0092   -0.2684   -0.2684   -0.1602   -0.0154    0.1602   -0.0154
    0.2608   -0.1042   -0.2608   -0.1042   -0.0458   -0.0458    0.0641   -0.1161   -0.0641   -0.1161    0.0458   -0.0458   -0.1042    0.2608   -0.1161    0.0641    0.1161    0.0641    0.1042    0.2608   -0.1042   -0.2608   -0.1161   -0.0641    0.1161   -0.0641    0.1042   -0.2608   -0.0458    0.0458    0.0641    0.1161   -0.0641    0.1161    0.0458    0.0458    0.2608    0.1042   -0.2608    0.1042
    0.1619    0.1049    0.1619   -0.1049   -0.0818    0.0818    0.0271    0.0394    0.0271   -0.0394   -0.0818   -0.0818   -0.1049   -0.1619   -0.0394   -0.0271   -0.0394    0.0271   -0.1049    0.1619    0.1049   -0.1619    0.0394   -0.0271    0.0394    0.0271    0.1049    0.1619    0.0818    0.0818   -0.0271    0.0394   -0.0271   -0.0394    0.0818   -0.0818   -0.1619    0.1049   -0.1619   -0.1049
    -0.0336    -0.0477   0.0336    -0.0477    -0.0324   0.0775    -0.1082   0.0169   0.1082   0.0169   0.0324   0.0775   0.1997    -0.0023    -0.0575    -0.1175   0.0575    -0.1175    -0.1997    -0.0023    -0.1997    -0.0023   0.0575    -0.1175    -0.0575    -0.1175   0.1997    -0.0023   0.0324   0.0775   0.1082   0.0169    -0.1082   0.0169    -0.0324   0.0775   0.0336    -0.0477    -0.0336    -0.0477
    -0.0023   0.1997    -0.0023    -0.1997   0.0775    -0.0324    -0.1175    -0.0575    -0.1175   0.0575   0.0775   0.0324    -0.0477    -0.0336   0.0169    -0.1082   0.0169   0.1082    -0.0477   0.0336    -0.0477   0.0336   0.0169   0.1082   0.0169    -0.1082    -0.0477    -0.0336   0.0775   0.0324    -0.1175   0.0575    -0.1175    -0.0575   0.0775    -0.0324    -0.0023    -0.1997    -0.0023   0.1997
