-1.000000 -1.000000
26.253714 17.810684
36.074677 18.128237
45.870945 18.283758
55.601219 18.182915
-1.000000 -1.000000
16.780323 27.644890
26.287697 27.674673
36.064903 27.650423
46.023666 27.138144
55.756969 27.215538
65.324417 27.436464
16.662563 37.528801
26.232307 37.544823
36.021168 37.536655
45.827873 36.959881
55.824139 36.992374
65.415688 37.063538
16.755239 47.988773
26.342642 48.235744
36.087269 47.815281
46.119431 47.879803
55.861229 48.189919
65.547417 47.823910
16.766773 57.148861
26.399027 58.154961
36.286819 57.810574
46.156246 57.656578
55.856747 57.717659
65.490959 57.712753
-1.000000 -1.000000
26.493528 67.642723
36.061859 67.436485
46.232647 67.216324
55.881828 67.436913
-1.000000 -1.000000
