# Type of the matrix (0: Interaction, 1: Control)
1
# Dimension
19 40
# Matrix
 0.0 0.0 0.0 0.0 0.0 0.0 0.0 0.0 0.0 0.0 0.0 0.0 0.0 0.0 0.0 0.0 0.0 0.0 0.0 0.0 0.0 0.0 0.0 0.0 0.0 0.0 0.0 0.0 0.0 0.0 0.0 0.0 0.0 0.0 0.0 0.0 0.0 0.0 0.0 0.0
 0.0 0.0 0.0 0.0 0.0 0.0 0.0 0.0 0.0 0.0 0.0 0.0 0.0 0.0 0.0 0.0 0.0 0.0 0.0 0.0 0.0 0.0 0.0 0.0 0.0 0.0 0.0 0.0 0.0 0.0 0.0 0.0 0.0 0.0 0.0 0.0 0.0 0.0 0.0 0.0
 0.0 0.0 0.0 0.0 0.0 0.0 0.0 0.0 0.0 0.0 0.0 0.0 0.0 0.0 0.0 0.0 0.0 0.0 0.0 0.0 0.0 0.0 0.0 0.0 0.0 0.0 0.0 0.0 0.0 0.0 0.0 0.0 0.0 0.0 0.0 0.0 0.0 0.0 0.0 0.0
    0.0424   -0.2164   -0.0424   -0.2164    0.1312   -0.1312    0.0437   -0.1312   -0.0437   -0.1312   -0.1312   -0.1312    0.2164   -0.0424    0.1312   -0.0437   -0.1312   -0.0437   -0.2164   -0.0424    0.2164    0.0424    0.1312    0.0437   -0.1312    0.0437   -0.2164    0.0424    0.1312    0.1312    0.0437    0.1312   -0.0437    0.1312   -0.1312    0.1312    0.0424    0.2164   -0.0424    0.2164
    0.2179    0.0427    0.2179   -0.0427    0.1322    0.1322    0.1322    0.0441    0.1322   -0.0441    0.1322   -0.1322    0.0427    0.2179    0.0441    0.1322    0.0441   -0.1322    0.0427   -0.2179   -0.0427    0.2179   -0.0441    0.1322   -0.0441   -0.1322   -0.0427   -0.2179   -0.1322    0.1322   -0.1322    0.0441   -0.1322   -0.0441   -0.1322   -0.1322   -0.2179    0.0427   -0.2179   -0.0427
    0.0619    0.2036   -0.0619    0.2036    0.1169    0.0617    0.0390    0.0097   -0.0390    0.0097   -0.1169    0.0617    0.0619    0.0605    0.0390   -0.0390   -0.0390   -0.0390   -0.0619    0.0605   -0.0619    0.0605   -0.0390   -0.0390    0.0390   -0.0390    0.0619    0.0605   -0.1169    0.0617   -0.0390    0.0097    0.0390    0.0097    0.1169    0.0617   -0.0619    0.2036    0.0619    0.2036
   -0.0605   -0.0619   -0.0605    0.0619   -0.0617   -0.1169    0.0390   -0.0390    0.0390    0.0390   -0.0617    0.1169   -0.2036   -0.0619   -0.0097   -0.0390   -0.0097    0.0390   -0.2036    0.0619   -0.2036    0.0619   -0.0097    0.0390   -0.0097   -0.0390   -0.2036   -0.0619   -0.0617    0.1169    0.0390    0.0390    0.0390   -0.0390   -0.0617   -0.1169   -0.0605    0.0619   -0.0605   -0.0619
 0.0 0.0 0.0 0.0 0.0 0.0 0.0 0.0 0.0 0.0 0.0 0.0 0.0 0.0 0.0 0.0 0.0 0.0 0.0 0.0 0.0 0.0 0.0 0.0 0.0 0.0 0.0 0.0 0.0 0.0 0.0 0.0 0.0 0.0 0.0 0.0 0.0 0.0 0.0 0.0
    0.1054   -0.1305   -0.1054   -0.1305    0.1988    0.0224    0.0663   -0.0660   -0.0663   -0.0660   -0.1988    0.0224    0.1054    0.2262    0.0663    0.0554   -0.0663    0.0554   -0.1054    0.2262   -0.1054    0.2262   -0.0663    0.0554    0.0663    0.0554    0.1054    0.2262   -0.1988    0.0224   -0.0663   -0.0660    0.0663   -0.0660    0.1988    0.0224   -0.1054   -0.1305    0.1054   -0.1305
    0.2262    0.1054    0.2262   -0.1054    0.0224    0.1988    0.0554    0.0663    0.0554   -0.0663    0.0224   -0.1988   -0.1305    0.1054   -0.0660    0.0663   -0.0660   -0.0663   -0.1305   -0.1054   -0.1305   -0.1054   -0.0660   -0.0663   -0.0660    0.0663   -0.1305    0.1054    0.0224   -0.1988    0.0554   -0.0663    0.0554    0.0663    0.0224    0.1988    0.2262   -0.1054    0.2262    0.1054
 0.0 0.0 0.0 0.0 0.0 0.0 0.0 0.0 0.0 0.0 0.0 0.0 0.0 0.0 0.0 0.0 0.0 0.0 0.0 0.0 0.0 0.0 0.0 0.0 0.0 0.0 0.0 0.0 0.0 0.0 0.0 0.0 0.0 0.0 0.0 0.0 0.0 0.0 0.0 0.0
 0.0 0.0 0.0 0.0 0.0 0.0 0.0 0.0 0.0 0.0 0.0 0.0 0.0 0.0 0.0 0.0 0.0 0.0 0.0 0.0 0.0 0.0 0.0 0.0 0.0 0.0 0.0 0.0 0.0 0.0 0.0 0.0 0.0 0.0 0.0 0.0 0.0 0.0 0.0 0.0
 0.0 0.0 0.0 0.0 0.0 0.0 0.0 0.0 0.0 0.0 0.0 0.0 0.0 0.0 0.0 0.0 0.0 0.0 0.0 0.0 0.0 0.0 0.0 0.0 0.0 0.0 0.0 0.0 0.0 0.0 0.0 0.0 0.0 0.0 0.0 0.0 0.0 0.0 0.0 0.0
 0.0 0.0 0.0 0.0 0.0 0.0 0.0 0.0 0.0 0.0 0.0 0.0 0.0 0.0 0.0 0.0 0.0 0.0 0.0 0.0 0.0 0.0 0.0 0.0 0.0 0.0 0.0 0.0 0.0 0.0 0.0 0.0 0.0 0.0 0.0 0.0 0.0 0.0 0.0 0.0
 0.0 0.0 0.0 0.0 0.0 0.0 0.0 0.0 0.0 0.0 0.0 0.0 0.0 0.0 0.0 0.0 0.0 0.0 0.0 0.0 0.0 0.0 0.0 0.0 0.0 0.0 0.0 0.0 0.0 0.0 0.0 0.0 0.0 0.0 0.0 0.0 0.0 0.0 0.0 0.0
 0.0 0.0 0.0 0.0 0.0 0.0 0.0 0.0 0.0 0.0 0.0 0.0 0.0 0.0 0.0 0.0 0.0 0.0 0.0 0.0 0.0 0.0 0.0 0.0 0.0 0.0 0.0 0.0 0.0 0.0 0.0 0.0 0.0 0.0 0.0 0.0 0.0 0.0 0.0 0.0
 0.0 0.0 0.0 0.0 0.0 0.0 0.0 0.0 0.0 0.0 0.0 0.0 0.0 0.0 0.0 0.0 0.0 0.0 0.0 0.0 0.0 0.0 0.0 0.0 0.0 0.0 0.0 0.0 0.0 0.0 0.0 0.0 0.0 0.0 0.0 0.0 0.0 0.0 0.0 0.0
 0.0 0.0 0.0 0.0 0.0 0.0 0.0 0.0 0.0 0.0 0.0 0.0 0.0 0.0 0.0 0.0 0.0 0.0 0.0 0.0 0.0 0.0 0.0 0.0 0.0 0.0 0.0 0.0 0.0 0.0 0.0 0.0 0.0 0.0 0.0 0.0 0.0 0.0 0.0 0.0
 0.0 0.0 0.0 0.0 0.0 0.0 0.0 0.0 0.0 0.0 0.0 0.0 0.0 0.0 0.0 0.0 0.0 0.0 0.0 0.0 0.0 0.0 0.0 0.0 0.0 0.0 0.0 0.0 0.0 0.0 0.0 0.0 0.0 0.0 0.0 0.0 0.0 0.0 0.0 0.0
